0.000000 0.000000 0.000000
0.000000 0.000000 1.000000
0.000000 0.000000 2.000000
0.000000 0.000000 3.000000
0.000000 0.000000 4.000000
0.000000 0.000000 5.000000
0.000000 0.000000 6.000000
0.000000 0.000000 7.000000
0.000000 0.000000 8.000000
0.000000 0.000000 9.000000
0.000000 0.000000 10.000000
0.000000 0.000000 11.000000
0.000000 0.000000 12.000000
0.000000 0.000000 13.000000
0.000000 0.000000 14.000000
0.000000 0.000000 15.000000
0.000000 0.000000 16.000000
0.000000 0.000000 17.000000
0.000000 0.000000 18.000000
0.000000 0.000000 19.000000
0.000000 0.000000 20.000000
0.000000 0.000000 21.000000
0.000000 0.000000 22.000000
0.000000 0.000000 23.000000
0.000000 0.000000 24.000000
0.000000 0.000000 25.000000
0.000000 0.000000 26.000000
0.000000 0.000000 27.000000
0.000000 0.000000 28.000000
0.000000 0.000000 29.000000
0.000000 0.000000 30.000000
0.000000 0.000000 31.000000
0.000000 0.000000 32.000000
0.000000 0.000000 33.000000
0.000000 0.000000 34.000000
0.000000 -0.400000 35.000000
0.000000 -0.400000 36.000000
0.000000 -1.200000 37.000000
0.000000 -1.200000 38.000000
0.000000 -2.400000 39.000000
1.000000 0.000000 0.000000
1.000000 0.000000 1.000000
1.000000 0.000000 2.000000
1.000000 0.000000 3.000000
1.000000 0.000000 4.000000
1.000000 0.000000 5.000000
1.000000 0.000000 6.000000
1.000000 0.000000 7.000000
1.000000 0.000000 8.000000
1.000000 0.000000 9.000000
1.000000 0.000000 10.000000
1.000000 0.000000 11.000000
1.000000 0.000000 12.000000
1.000000 0.000000 13.000000
1.000000 0.000000 14.000000
1.000000 0.000000 15.000000
1.000000 0.000000 16.000000
1.000000 0.000000 17.000000
1.000000 0.000000 18.000000
1.000000 0.000000 19.000000
1.000000 0.000000 20.000000
1.000000 0.000000 21.000000
1.000000 0.000000 22.000000
1.000000 0.000000 23.000000
1.000000 0.000000 24.000000
1.000000 0.000000 25.000000
1.000000 0.000000 26.000000
1.000000 0.000000 27.000000
1.000000 0.000000 28.000000
1.000000 0.000000 29.000000
1.000000 0.000000 30.000000
1.000000 0.000000 31.000000
1.000000 0.000000 32.000000
1.000000 0.000000 33.000000
1.000000 0.000000 34.000000
1.000000 0.000000 35.000000
1.000000 -0.400000 36.000000
1.000000 -0.400000 37.000000
1.000000 -1.200000 38.000000
1.000000 -1.200000 39.000000
2.000000 0.000000 0.000000
2.000000 0.000000 1.000000
2.000000 0.000000 2.000000
2.000000 0.000000 3.000000
2.000000 0.000000 4.000000
2.000000 0.000000 5.000000
2.000000 0.000000 6.000000
2.000000 0.000000 7.000000
2.000000 0.000000 8.000000
2.000000 0.000000 9.000000
2.000000 0.000000 10.000000
2.000000 0.000000 11.000000
2.000000 0.000000 12.000000
2.000000 0.000000 13.000000
2.000000 0.000000 14.000000
2.000000 0.000000 15.000000
2.000000 0.000000 16.000000
2.000000 0.000000 17.000000
2.000000 0.000000 18.000000
2.000000 0.000000 19.000000
2.000000 0.000000 20.000000
2.000000 0.000000 21.000000
2.000000 0.000000 22.000000
2.000000 0.000000 23.000000
2.000000 0.000000 24.000000
2.000000 0.000000 25.000000
2.000000 0.000000 26.000000
2.000000 0.000000 27.000000
2.000000 0.000000 28.000000
2.000000 0.000000 29.000000
2.000000 0.000000 30.000000
2.000000 0.000000 31.000000
2.000000 0.000000 32.000000
2.000000 0.000000 33.000000
2.000000 0.000000 34.000000
2.000000 0.000000 35.000000
2.000000 -0.400000 36.000000
2.000000 -0.400000 37.000000
2.000000 -1.200000 38.000000
2.000000 -1.200000 39.000000
3.000000 0.000000 0.000000
3.000000 0.000000 1.000000
3.000000 0.000000 2.000000
3.000000 0.000000 3.000000
3.000000 0.000000 4.000000
3.000000 0.000000 5.000000
3.000000 0.000000 6.000000
3.000000 0.000000 7.000000
3.000000 0.000000 8.000000
3.000000 0.000000 9.000000
3.000000 0.000000 10.000000
3.000000 0.000000 11.000000
3.000000 0.000000 12.000000
3.000000 0.000000 13.000000
3.000000 0.000000 14.000000
3.000000 0.000000 15.000000
3.000000 0.000000 16.000000
3.000000 0.000000 17.000000
3.000000 0.000000 18.000000
3.000000 0.000000 19.000000
3.000000 0.000000 20.000000
3.000000 0.000000 21.000000
3.000000 0.000000 22.000000
3.000000 0.000000 23.000000
3.000000 0.000000 24.000000
3.000000 0.000000 25.000000
3.000000 0.000000 26.000000
3.000000 0.000000 27.000000
3.000000 0.000000 28.000000
3.000000 0.000000 29.000000
3.000000 0.000000 30.000000
3.000000 0.000000 31.000000
3.000000 0.000000 32.000000
3.000000 0.000000 33.000000
3.000000 0.000000 34.000000
3.000000 0.000000 35.000000
3.000000 -0.400000 36.000000
3.000000 -0.400000 37.000000
3.000000 -1.200000 38.000000
3.000000 -1.200000 39.000000
4.000000 0.000000 0.000000
4.000000 0.000000 1.000000
4.000000 0.000000 2.000000
4.000000 0.000000 3.000000
4.000000 0.000000 4.000000
4.000000 0.000000 5.000000
4.000000 0.000000 6.000000
4.000000 0.000000 7.000000
4.000000 0.000000 8.000000
4.000000 0.000000 9.000000
4.000000 0.000000 10.000000
4.000000 0.000000 11.000000
4.000000 0.000000 12.000000
4.000000 0.000000 13.000000
4.000000 0.000000 14.000000
4.000000 0.000000 15.000000
4.000000 0.000000 16.000000
4.000000 0.000000 17.000000
4.000000 0.000000 18.000000
4.000000 0.000000 19.000000
4.000000 0.000000 20.000000
4.000000 0.000000 21.000000
4.000000 0.000000 22.000000
4.000000 0.000000 23.000000
4.000000 0.000000 24.000000
4.000000 0.000000 25.000000
4.000000 0.000000 26.000000
4.000000 0.000000 27.000000
4.000000 0.000000 28.000000
4.000000 0.000000 29.000000
4.000000 0.000000 30.000000
4.000000 0.000000 31.000000
4.000000 0.000000 32.000000
4.000000 0.000000 33.000000
4.000000 0.000000 34.000000
4.000000 0.000000 35.000000
4.000000 -0.400000 36.000000
4.000000 -0.400000 37.000000
4.000000 -0.400000 38.000000
4.000000 -1.200000 39.000000
5.000000 0.000000 0.000000
5.000000 0.000000 1.000000
5.000000 0.000000 2.000000
5.000000 0.000000 3.000000
5.000000 0.000000 4.000000
5.000000 0.000000 5.000000
5.000000 0.000000 6.000000
5.000000 0.000000 7.000000
5.000000 0.000000 8.000000
5.000000 0.000000 9.000000
5.000000 0.000000 10.000000
5.000000 0.000000 11.000000
5.000000 0.000000 12.000000
5.000000 0.000000 13.000000
5.000000 0.000000 14.000000
5.000000 0.000000 15.000000
5.000000 0.000000 16.000000
5.000000 0.000000 17.000000
5.000000 0.000000 18.000000
5.000000 0.000000 19.000000
5.000000 0.000000 20.000000
5.000000 0.000000 21.000000
5.000000 0.000000 22.000000
5.000000 0.000000 23.000000
5.000000 0.000000 24.000000
5.000000 0.000000 25.000000
5.000000 0.000000 26.000000
5.000000 0.000000 27.000000
5.000000 0.000000 28.000000
5.000000 0.000000 29.000000
5.000000 0.000000 30.000000
5.000000 0.000000 31.000000
5.000000 0.000000 32.000000
5.000000 0.000000 33.000000
5.000000 0.000000 34.000000
5.000000 0.000000 35.000000
5.000000 0.000000 36.000000
5.000000 -0.400000 37.000000
5.000000 -0.400000 38.000000
5.000000 -1.200000 39.000000
6.000000 0.000000 0.000000
6.000000 0.000000 1.000000
6.000000 0.000000 2.000000
6.000000 0.000000 3.000000
6.000000 0.000000 4.000000
6.000000 0.000000 5.000000
6.000000 0.000000 6.000000
6.000000 0.000000 7.000000
6.000000 0.000000 8.000000
6.000000 0.000000 9.000000
6.000000 0.000000 10.000000
6.000000 0.000000 11.000000
6.000000 0.000000 12.000000
6.000000 0.000000 13.000000
6.000000 0.000000 14.000000
6.000000 0.000000 15.000000
6.000000 0.000000 16.000000
6.000000 0.000000 17.000000
6.000000 0.000000 18.000000
6.000000 0.000000 19.000000
6.000000 0.000000 20.000000
6.000000 0.000000 21.000000
6.000000 0.000000 22.000000
6.000000 0.000000 23.000000
6.000000 0.000000 24.000000
6.000000 0.000000 25.000000
6.000000 0.000000 26.000000
6.000000 0.000000 27.000000
6.000000 0.000000 28.000000
6.000000 0.000000 29.000000
6.000000 0.000000 30.000000
6.000000 0.000000 31.000000
6.000000 0.000000 32.000000
6.000000 0.000000 33.000000
6.000000 0.000000 34.000000
6.000000 0.000000 35.000000
6.000000 0.000000 36.000000
6.000000 -0.400000 37.000000
6.000000 -0.400000 38.000000
6.000000 -1.200000 39.000000
7.000000 0.000000 0.000000
7.000000 0.000000 1.000000
7.000000 0.000000 2.000000
7.000000 0.000000 3.000000
7.000000 0.000000 4.000000
7.000000 0.000000 5.000000
7.000000 0.000000 6.000000
7.000000 0.000000 7.000000
7.000000 0.000000 8.000000
7.000000 0.000000 9.000000
7.000000 0.000000 10.000000
7.000000 0.000000 11.000000
7.000000 0.000000 12.000000
7.000000 0.000000 13.000000
7.000000 0.000000 14.000000
7.000000 0.000000 15.000000
7.000000 0.000000 16.000000
7.000000 0.000000 17.000000
7.000000 0.000000 18.000000
7.000000 0.000000 19.000000
7.000000 0.000000 20.000000
7.000000 0.000000 21.000000
7.000000 0.000000 22.000000
7.000000 0.000000 23.000000
7.000000 0.000000 24.000000
7.000000 0.000000 25.000000
7.000000 0.000000 26.000000
7.000000 0.000000 27.000000
7.000000 0.000000 28.000000
7.000000 0.000000 29.000000
7.000000 0.000000 30.000000
7.000000 0.000000 31.000000
7.000000 0.000000 32.000000
7.000000 0.000000 33.000000
7.000000 0.000000 34.000000
7.000000 0.000000 35.000000
7.000000 0.000000 36.000000
7.000000 -0.400000 37.000000
7.000000 -0.400000 38.000000
7.000000 -1.200000 39.000000
8.000000 0.000000 0.000000
8.000000 0.000000 1.000000
8.000000 0.000000 2.000000
8.000000 0.000000 3.000000
8.000000 0.000000 4.000000
8.000000 0.000000 5.000000
8.000000 0.000000 6.000000
8.000000 0.000000 7.000000
8.000000 0.000000 8.000000
8.000000 0.000000 9.000000
8.000000 0.000000 10.000000
8.000000 0.000000 11.000000
8.000000 0.000000 12.000000
8.000000 0.000000 13.000000
8.000000 0.000000 14.000000
8.000000 0.000000 15.000000
8.000000 0.000000 16.000000
8.000000 0.000000 17.000000
8.000000 0.000000 18.000000
8.000000 0.000000 19.000000
8.000000 0.000000 20.000000
8.000000 0.000000 21.000000
8.000000 0.000000 22.000000
8.000000 0.000000 23.000000
8.000000 0.000000 24.000000
8.000000 0.000000 25.000000
8.000000 0.000000 26.000000
8.000000 0.000000 27.000000
8.000000 0.000000 28.000000
8.000000 0.000000 29.000000
8.000000 0.000000 30.000000
8.000000 0.000000 31.000000
8.000000 0.000000 32.000000
8.000000 0.000000 33.000000
8.000000 0.000000 34.000000
8.000000 0.000000 35.000000
8.000000 0.000000 36.000000
8.000000 -0.400000 37.000000
8.000000 -0.400000 38.000000
8.000000 -1.200000 39.000000
9.000000 0.000000 0.000000
9.000000 0.000000 1.000000
9.000000 0.000000 2.000000
9.000000 0.000000 3.000000
9.000000 0.000000 4.000000
9.000000 0.000000 5.000000
9.000000 0.000000 6.000000
9.000000 0.000000 7.000000
9.000000 0.000000 8.000000
9.000000 0.000000 9.000000
9.000000 0.000000 10.000000
9.000000 0.000000 11.000000
9.000000 0.000000 12.000000
9.000000 0.000000 13.000000
9.000000 0.000000 14.000000
9.000000 0.000000 15.000000
9.000000 0.000000 16.000000
9.000000 0.000000 17.000000
9.000000 0.000000 18.000000
9.000000 0.000000 19.000000
9.000000 0.000000 20.000000
9.000000 0.000000 21.000000
9.000000 0.000000 22.000000
9.000000 0.000000 23.000000
9.000000 0.000000 24.000000
9.000000 0.000000 25.000000
9.000000 0.000000 26.000000
9.000000 0.000000 27.000000
9.000000 0.000000 28.000000
9.000000 0.000000 29.000000
9.000000 0.000000 30.000000
9.000000 0.000000 31.000000
9.000000 0.000000 32.000000
9.000000 0.000000 33.000000
9.000000 0.000000 34.000000
9.000000 0.000000 35.000000
9.000000 0.000000 36.000000
9.000000 -0.400000 37.000000
9.000000 -0.400000 38.000000
9.000000 -1.200000 39.000000
10.000000 0.000000 0.000000
10.000000 0.000000 1.000000
10.000000 0.000000 2.000000
10.000000 0.000000 3.000000
10.000000 0.000000 4.000000
10.000000 0.000000 5.000000
10.000000 0.000000 6.000000
10.000000 0.000000 7.000000
10.000000 0.000000 8.000000
10.000000 0.000000 9.000000
10.000000 0.000000 10.000000
10.000000 0.000000 11.000000
10.000000 0.000000 12.000000
10.000000 0.000000 13.000000
10.000000 0.000000 14.000000
10.000000 0.000000 15.000000
10.000000 0.000000 16.000000
10.000000 0.000000 17.000000
10.000000 0.000000 18.000000
10.000000 0.000000 19.000000
10.000000 0.000000 20.000000
10.000000 0.000000 21.000000
10.000000 0.000000 22.000000
10.000000 0.000000 23.000000
10.000000 0.000000 24.000000
10.000000 0.000000 25.000000
10.000000 0.000000 26.000000
10.000000 0.000000 27.000000
10.000000 0.000000 28.000000
10.000000 0.000000 29.000000
10.000000 0.000000 30.000000
10.000000 0.000000 31.000000
10.000000 0.000000 32.000000
10.000000 0.000000 33.000000
10.000000 0.000000 34.000000
10.000000 0.000000 35.000000
10.000000 0.000000 36.000000
10.000000 -0.400000 37.000000
10.000000 -0.400000 38.000000
10.000000 -1.200000 39.000000
11.000000 0.000000 0.000000
11.000000 0.000000 1.000000
11.000000 0.000000 2.000000
11.000000 0.000000 3.000000
11.000000 0.000000 4.000000
11.000000 0.000000 5.000000
11.000000 0.000000 6.000000
11.000000 0.000000 7.000000
11.000000 0.000000 8.000000
11.000000 0.000000 9.000000
11.000000 0.000000 10.000000
11.000000 0.000000 11.000000
11.000000 0.000000 12.000000
11.000000 0.000000 13.000000
11.000000 0.000000 14.000000
11.000000 0.000000 15.000000
11.000000 0.000000 16.000000
11.000000 0.000000 17.000000
11.000000 0.000000 18.000000
11.000000 0.000000 19.000000
11.000000 0.000000 20.000000
11.000000 0.000000 21.000000
11.000000 0.000000 22.000000
11.000000 0.000000 23.000000
11.000000 0.000000 24.000000
11.000000 0.000000 25.000000
11.000000 0.000000 26.000000
11.000000 0.000000 27.000000
11.000000 0.000000 28.000000
11.000000 0.000000 29.000000
11.000000 0.000000 30.000000
11.000000 0.000000 31.000000
11.000000 0.000000 32.000000
11.000000 0.000000 33.000000
11.000000 0.000000 34.000000
11.000000 0.000000 35.000000
11.000000 0.000000 36.000000
11.000000 -0.400000 37.000000
11.000000 -0.400000 38.000000
11.000000 -1.200000 39.000000
12.000000 0.000000 0.000000
12.000000 0.000000 1.000000
12.000000 0.000000 2.000000
12.000000 0.000000 3.000000
12.000000 0.000000 4.000000
12.000000 0.000000 5.000000
12.000000 0.000000 6.000000
12.000000 0.000000 7.000000
12.000000 0.000000 8.000000
12.000000 0.000000 9.000000
12.000000 0.000000 10.000000
12.000000 0.000000 11.000000
12.000000 0.000000 12.000000
12.000000 0.000000 13.000000
12.000000 0.000000 14.000000
12.000000 0.000000 15.000000
12.000000 0.000000 16.000000
12.000000 0.000000 17.000000
12.000000 0.000000 18.000000
12.000000 0.000000 19.000000
12.000000 0.000000 20.000000
12.000000 0.000000 21.000000
12.000000 0.000000 22.000000
12.000000 0.000000 23.000000
12.000000 0.000000 24.000000
12.000000 0.000000 25.000000
12.000000 0.000000 26.000000
12.000000 0.000000 27.000000
12.000000 0.000000 28.000000
12.000000 0.000000 29.000000
12.000000 0.000000 30.000000
12.000000 0.000000 31.000000
12.000000 0.000000 32.000000
12.000000 0.000000 33.000000
12.000000 0.000000 34.000000
12.000000 0.000000 35.000000
12.000000 0.000000 36.000000
12.000000 -0.400000 37.000000
12.000000 -0.400000 38.000000
12.000000 -1.200000 39.000000
13.000000 0.000000 0.000000
13.000000 0.000000 1.000000
13.000000 0.000000 2.000000
13.000000 0.000000 3.000000
13.000000 0.000000 4.000000
13.000000 0.000000 5.000000
13.000000 0.000000 6.000000
13.000000 0.000000 7.000000
13.000000 0.000000 8.000000
13.000000 0.000000 9.000000
13.000000 0.000000 10.000000
13.000000 0.000000 11.000000
13.000000 0.000000 12.000000
13.000000 0.000000 13.000000
13.000000 0.000000 14.000000
13.000000 0.000000 15.000000
13.000000 0.000000 16.000000
13.000000 0.000000 17.000000
13.000000 0.000000 18.000000
13.000000 0.000000 19.000000
13.000000 0.000000 20.000000
13.000000 0.000000 21.000000
13.000000 0.000000 22.000000
13.000000 0.000000 23.000000
13.000000 0.000000 24.000000
13.000000 0.000000 25.000000
13.000000 0.000000 26.000000
13.000000 0.000000 27.000000
13.000000 0.000000 28.000000
13.000000 0.000000 29.000000
13.000000 0.000000 30.000000
13.000000 0.000000 31.000000
13.000000 0.000000 32.000000
13.000000 0.000000 33.000000
13.000000 0.000000 34.000000
13.000000 0.000000 35.000000
13.000000 0.000000 36.000000
13.000000 -0.400000 37.000000
13.000000 -0.400000 38.000000
13.000000 -1.200000 39.000000
14.000000 0.000000 0.000000
14.000000 0.000000 1.000000
14.000000 0.000000 2.000000
14.000000 0.000000 3.000000
14.000000 0.000000 4.000000
14.000000 0.000000 5.000000
14.000000 0.000000 6.000000
14.000000 0.000000 7.000000
14.000000 0.000000 8.000000
14.000000 0.000000 9.000000
14.000000 0.000000 10.000000
14.000000 0.000000 11.000000
14.000000 0.000000 12.000000
14.000000 0.000000 13.000000
14.000000 0.000000 14.000000
14.000000 0.000000 15.000000
14.000000 0.000000 16.000000
14.000000 0.000000 17.000000
14.000000 0.000000 18.000000
14.000000 0.000000 19.000000
14.000000 0.000000 20.000000
14.000000 0.000000 21.000000
14.000000 0.000000 22.000000
14.000000 0.000000 23.000000
14.000000 0.000000 24.000000
14.000000 0.000000 25.000000
14.000000 0.000000 26.000000
14.000000 0.000000 27.000000
14.000000 0.000000 28.000000
14.000000 0.000000 29.000000
14.000000 0.000000 30.000000
14.000000 0.000000 31.000000
14.000000 0.000000 32.000000
14.000000 0.000000 33.000000
14.000000 0.000000 34.000000
14.000000 0.000000 35.000000
14.000000 0.000000 36.000000
14.000000 -0.400000 37.000000
14.000000 -0.400000 38.000000
14.000000 -1.200000 39.000000
15.000000 0.000000 0.000000
15.000000 0.000000 1.000000
15.000000 0.000000 2.000000
15.000000 0.000000 3.000000
15.000000 0.000000 4.000000
15.000000 0.000000 5.000000
15.000000 0.000000 6.000000
15.000000 0.000000 7.000000
15.000000 0.000000 8.000000
15.000000 0.000000 9.000000
15.000000 0.000000 10.000000
15.000000 0.000000 11.000000
15.000000 0.000000 12.000000
15.000000 0.000000 13.000000
15.000000 0.000000 14.000000
15.000000 0.000000 15.000000
15.000000 0.000000 16.000000
15.000000 0.000000 17.000000
15.000000 0.000000 18.000000
15.000000 0.000000 19.000000
15.000000 0.000000 20.000000
15.000000 0.000000 21.000000
15.000000 0.000000 22.000000
15.000000 0.000000 23.000000
15.000000 0.000000 24.000000
15.000000 0.000000 25.000000
15.000000 0.000000 26.000000
15.000000 0.000000 27.000000
15.000000 0.000000 28.000000
15.000000 0.000000 29.000000
15.000000 0.000000 30.000000
15.000000 0.000000 31.000000
15.000000 0.000000 32.000000
15.000000 0.000000 33.000000
15.000000 0.000000 34.000000
15.000000 0.000000 35.000000
15.000000 0.000000 36.000000
15.000000 -0.400000 37.000000
15.000000 -0.400000 38.000000
15.000000 -1.200000 39.000000
16.000000 0.000000 0.000000
16.000000 0.000000 1.000000
16.000000 0.000000 2.000000
16.000000 0.000000 3.000000
16.000000 0.000000 4.000000
16.000000 0.000000 5.000000
16.000000 0.000000 6.000000
16.000000 0.000000 7.000000
16.000000 0.000000 8.000000
16.000000 0.000000 9.000000
16.000000 0.000000 10.000000
16.000000 0.000000 11.000000
16.000000 0.000000 12.000000
16.000000 0.000000 13.000000
16.000000 0.000000 14.000000
16.000000 0.000000 15.000000
16.000000 0.000000 16.000000
16.000000 0.000000 17.000000
16.000000 0.000000 18.000000
16.000000 0.000000 19.000000
16.000000 0.000000 20.000000
16.000000 0.000000 21.000000
16.000000 0.000000 22.000000
16.000000 0.000000 23.000000
16.000000 0.000000 24.000000
16.000000 0.000000 25.000000
16.000000 0.000000 26.000000
16.000000 0.000000 27.000000
16.000000 0.000000 28.000000
16.000000 0.000000 29.000000
16.000000 0.000000 30.000000
16.000000 0.000000 31.000000
16.000000 0.000000 32.000000
16.000000 0.000000 33.000000
16.000000 0.000000 34.000000
16.000000 0.000000 35.000000
16.000000 -0.400000 36.000000
16.000000 -0.400000 37.000000
16.000000 -0.400000 38.000000
16.000000 -1.200000 39.000000
17.000000 0.000000 0.000000
17.000000 0.000000 1.000000
17.000000 0.000000 2.000000
17.000000 0.000000 3.000000
17.000000 0.000000 4.000000
17.000000 0.000000 5.000000
17.000000 0.000000 6.000000
17.000000 0.000000 7.000000
17.000000 0.000000 8.000000
17.000000 0.000000 9.000000
17.000000 0.000000 10.000000
17.000000 0.000000 11.000000
17.000000 0.000000 12.000000
17.000000 0.000000 13.000000
17.000000 0.000000 14.000000
17.000000 0.000000 15.000000
17.000000 0.000000 16.000000
17.000000 0.000000 17.000000
17.000000 -1.200000 18.000000
17.000000 -1.200000 19.000000
17.000000 -1.200000 20.000000
17.000000 -1.200000 21.000000
17.000000 -1.200000 22.000000
17.000000 0.000000 23.000000
17.000000 0.000000 24.000000
17.000000 0.000000 25.000000
17.000000 0.000000 26.000000
17.000000 0.000000 27.000000
17.000000 0.000000 28.000000
17.000000 0.000000 29.000000
17.000000 0.000000 30.000000
17.000000 0.000000 31.000000
17.000000 0.000000 32.000000
17.000000 0.000000 33.000000
17.000000 0.000000 34.000000
17.000000 0.000000 35.000000
17.000000 -0.400000 36.000000
17.000000 -0.400000 37.000000
17.000000 -1.200000 38.000000
17.000000 -1.200000 39.000000
18.000000 0.000000 0.000000
18.000000 0.000000 1.000000
18.000000 0.000000 2.000000
18.000000 0.000000 3.000000
18.000000 0.000000 4.000000
18.000000 0.000000 5.000000
18.000000 0.000000 6.000000
18.000000 0.000000 7.000000
18.000000 0.000000 8.000000
18.000000 0.000000 9.000000
18.000000 0.000000 10.000000
18.000000 0.000000 11.000000
18.000000 0.000000 12.000000
18.000000 0.000000 13.000000
18.000000 0.000000 14.000000
18.000000 0.000000 15.000000
18.000000 0.000000 16.000000
18.000000 -1.200000 17.000000
18.000000 -1.950000 18.000000
18.000000 -1.950000 19.000000
18.000000 -1.950000 20.000000
18.000000 -1.950000 21.000000
18.000000 -1.950000 22.000000
18.000000 -1.200000 23.000000
18.000000 0.000000 24.000000
18.000000 0.000000 25.000000
18.000000 0.000000 26.000000
18.000000 0.000000 27.000000
18.000000 0.000000 28.000000
18.000000 0.000000 29.000000
18.000000 0.000000 30.000000
18.000000 0.000000 31.000000
18.000000 0.000000 32.000000
18.000000 0.000000 33.000000
18.000000 0.000000 34.000000
18.000000 0.000000 35.000000
18.000000 -0.400000 36.000000
18.000000 -0.400000 37.000000
18.000000 -1.200000 38.000000
18.000000 -1.200000 39.000000
19.000000 0.000000 0.000000
19.000000 0.000000 1.000000
19.000000 0.000000 2.000000
19.000000 0.000000 3.000000
19.000000 0.000000 4.000000
19.000000 0.000000 5.000000
19.000000 0.000000 6.000000
19.000000 0.000000 7.000000
19.000000 0.000000 8.000000
19.000000 0.000000 9.000000
19.000000 0.000000 10.000000
19.000000 0.000000 11.000000
19.000000 0.000000 12.000000
19.000000 0.000000 13.000000
19.000000 0.000000 14.000000
19.000000 0.000000 15.000000
19.000000 0.000000 16.000000
19.000000 -1.200000 17.000000
19.000000 -1.950000 18.000000
19.000000 -1.950000 19.000000
19.000000 -1.950000 20.000000
19.000000 -1.950000 21.000000
19.000000 -1.950000 22.000000
19.000000 -1.200000 23.000000
19.000000 0.000000 24.000000
19.000000 0.000000 25.000000
19.000000 0.000000 26.000000
19.000000 0.000000 27.000000
19.000000 0.000000 28.000000
19.000000 0.000000 29.000000
19.000000 0.000000 30.000000
19.000000 0.000000 31.000000
19.000000 0.000000 32.000000
19.000000 0.000000 33.000000
19.000000 0.000000 34.000000
19.000000 0.000000 35.000000
19.000000 -0.400000 36.000000
19.000000 -0.400000 37.000000
19.000000 -1.200000 38.000000
19.000000 -1.200000 39.000000
20.000000 0.000000 0.000000
20.000000 0.000000 1.000000
20.000000 0.000000 2.000000
20.000000 0.000000 3.000000
20.000000 0.000000 4.000000
20.000000 0.000000 5.000000
20.000000 0.000000 6.000000
20.000000 0.000000 7.000000
20.000000 0.000000 8.000000
20.000000 0.000000 9.000000
20.000000 0.000000 10.000000
20.000000 0.000000 11.000000
20.000000 0.000000 12.000000
20.000000 0.000000 13.000000
20.000000 0.000000 14.000000
20.000000 0.000000 15.000000
20.000000 0.000000 16.000000
20.000000 -1.200000 17.000000
20.000000 -1.950000 18.000000
20.000000 -1.950000 19.000000
20.000000 -1.950000 20.000000
20.000000 -1.950000 21.000000
20.000000 -1.950000 22.000000
20.000000 -1.200000 23.000000
20.000000 0.000000 24.000000
20.000000 0.000000 25.000000
20.000000 0.000000 26.000000
20.000000 0.000000 27.000000
20.000000 0.000000 28.000000
20.000000 0.000000 29.000000
20.000000 0.000000 30.000000
20.000000 0.000000 31.000000
20.000000 0.000000 32.000000
20.000000 0.000000 33.000000
20.000000 0.000000 34.000000
20.000000 -0.400000 35.000000
20.000000 -0.400000 36.000000
20.000000 -1.200000 37.000000
20.000000 -1.200000 38.000000
20.000000 -2.400000 39.000000
21.000000 0.000000 0.000000
21.000000 0.000000 1.000000
21.000000 0.000000 2.000000
21.000000 0.000000 3.000000
21.000000 0.000000 4.000000
21.000000 0.000000 5.000000
21.000000 0.000000 6.000000
21.000000 0.000000 7.000000
21.000000 0.000000 8.000000
21.000000 0.000000 9.000000
21.000000 0.000000 10.000000
21.000000 0.000000 11.000000
21.000000 0.000000 12.000000
21.000000 0.000000 13.000000
21.000000 0.000000 14.000000
21.000000 0.000000 15.000000
21.000000 0.000000 16.000000
21.000000 -1.200000 17.000000
21.000000 -1.950000 18.000000
21.000000 -1.950000 19.000000
21.000000 -1.950000 20.000000
21.000000 -1.950000 21.000000
21.000000 -1.950000 22.000000
21.000000 -1.200000 23.000000
21.000000 0.000000 24.000000
21.000000 0.000000 25.000000
21.000000 0.000000 26.000000
21.000000 0.000000 27.000000
21.000000 0.000000 28.000000
21.000000 0.000000 29.000000
21.000000 0.000000 30.000000
21.000000 0.000000 31.000000
21.000000 0.000000 32.000000
21.000000 0.000000 33.000000
21.000000 0.000000 34.000000
21.000000 -0.400000 35.000000
21.000000 -0.400000 36.000000
21.000000 -1.200000 37.000000
21.000000 -1.200000 38.000000
21.000000 -2.400000 39.000000
22.000000 0.000000 0.000000
22.000000 0.000000 1.000000
22.000000 0.000000 2.000000
22.000000 0.000000 3.000000
22.000000 0.000000 4.000000
22.000000 0.000000 5.000000
22.000000 0.000000 6.000000
22.000000 0.000000 7.000000
22.000000 0.000000 8.000000
22.000000 0.000000 9.000000
22.000000 0.000000 10.000000
22.000000 0.000000 11.000000
22.000000 0.000000 12.000000
22.000000 0.000000 13.000000
22.000000 0.000000 14.000000
22.000000 0.000000 15.000000
22.000000 0.000000 16.000000
22.000000 -1.200000 17.000000
22.000000 -1.950000 18.000000
22.000000 -1.950000 19.000000
22.000000 -1.950000 20.000000
22.000000 -1.950000 21.000000
22.000000 -1.950000 22.000000
22.000000 -1.200000 23.000000
22.000000 0.000000 24.000000
22.000000 0.000000 25.000000
22.000000 0.000000 26.000000
22.000000 0.000000 27.000000
22.000000 0.000000 28.000000
22.000000 0.000000 29.000000
22.000000 0.000000 30.000000
22.000000 0.000000 31.000000
22.000000 0.000000 32.000000
22.000000 0.000000 33.000000
22.000000 -0.400000 34.000000
22.000000 -0.400000 35.000000
22.000000 -0.400000 36.000000
22.000000 -1.200000 37.000000
22.000000 -1.200000 38.000000
22.000000 -2.400000 39.000000
23.000000 0.000000 0.000000
23.000000 0.000000 1.000000
23.000000 0.000000 2.000000
23.000000 0.000000 3.000000
23.000000 0.000000 4.000000
23.000000 0.000000 5.000000
23.000000 0.000000 6.000000
23.000000 0.000000 7.000000
23.000000 0.000000 8.000000
23.000000 0.000000 9.000000
23.000000 0.000000 10.000000
23.000000 0.000000 11.000000
23.000000 0.000000 12.000000
23.000000 0.000000 13.000000
23.000000 0.000000 14.000000
23.000000 0.000000 15.000000
23.000000 0.000000 16.000000
23.000000 0.000000 17.000000
23.000000 -1.200000 18.000000
23.000000 -1.200000 19.000000
23.000000 -1.200000 20.000000
23.000000 -1.200000 21.000000
23.000000 -1.200000 22.000000
23.000000 0.000000 23.000000
23.000000 0.000000 24.000000
23.000000 0.000000 25.000000
23.000000 0.000000 26.000000
23.000000 0.000000 27.000000
23.000000 0.000000 28.000000
23.000000 0.000000 29.000000
23.000000 0.000000 30.000000
23.000000 0.000000 31.000000
23.000000 0.000000 32.000000
23.000000 0.000000 33.000000
23.000000 -0.400000 34.000000
23.000000 -0.400000 35.000000
23.000000 -1.200000 36.000000
23.000000 -1.200000 37.000000
23.000000 -2.400000 38.000000
23.000000 -2.400000 39.000000
24.000000 0.000000 0.000000
24.000000 0.000000 1.000000
24.000000 0.000000 2.000000
24.000000 0.000000 3.000000
24.000000 0.000000 4.000000
24.000000 0.000000 5.000000
24.000000 0.000000 6.000000
24.000000 0.000000 7.000000
24.000000 0.000000 8.000000
24.000000 0.000000 9.000000
24.000000 0.000000 10.000000
24.000000 0.000000 11.000000
24.000000 0.000000 12.000000
24.000000 0.000000 13.000000
24.000000 0.000000 14.000000
24.000000 0.000000 15.000000
24.000000 0.000000 16.000000
24.000000 0.000000 17.000000
24.000000 0.000000 18.000000
24.000000 0.000000 19.000000
24.000000 0.000000 20.000000
24.000000 0.000000 21.000000
24.000000 0.000000 22.000000
24.000000 0.000000 23.000000
24.000000 0.000000 24.000000
24.000000 0.000000 25.000000
24.000000 0.000000 26.000000
24.000000 0.000000 27.000000
24.000000 0.000000 28.000000
24.000000 0.000000 29.000000
24.000000 0.000000 30.000000
24.000000 0.000000 31.000000
24.000000 0.000000 32.000000
24.000000 -0.400000 33.000000
24.000000 -0.400000 34.000000
24.000000 -0.400000 35.000000
24.000000 -1.200000 36.000000
24.000000 -1.200000 37.000000
24.000000 -2.400000 38.000000
24.000000 -2.400000 39.000000
25.000000 0.000000 0.000000
25.000000 0.000000 1.000000
25.000000 0.000000 2.000000
25.000000 0.000000 3.000000
25.000000 0.000000 4.000000
25.000000 0.000000 5.000000
25.000000 0.000000 6.000000
25.000000 0.000000 7.000000
25.000000 0.000000 8.000000
25.000000 0.000000 9.000000
25.000000 0.000000 10.000000
25.000000 0.000000 11.000000
25.000000 0.000000 12.000000
25.000000 0.000000 13.000000
25.000000 0.000000 14.000000
25.000000 0.000000 15.000000
25.000000 0.000000 16.000000
25.000000 0.000000 17.000000
25.000000 0.000000 18.000000
25.000000 0.000000 19.000000
25.000000 0.000000 20.000000
25.000000 0.000000 21.000000
25.000000 0.000000 22.000000
25.000000 0.000000 23.000000
25.000000 0.000000 24.000000
25.000000 0.000000 25.000000
25.000000 0.000000 26.000000
25.000000 0.000000 27.000000
25.000000 0.000000 28.000000
25.000000 0.000000 29.000000
25.000000 0.000000 30.000000
25.000000 0.000000 31.000000
25.000000 0.000000 32.000000
25.000000 -0.400000 33.000000
25.000000 -0.400000 34.000000
25.000000 -1.200000 35.000000
25.000000 -1.200000 36.000000
25.000000 -2.400000 37.000000
25.000000 -2.400000 38.000000
25.000000 -2.400000 39.000000
26.000000 0.000000 0.000000
26.000000 0.000000 1.000000
26.000000 0.000000 2.000000
26.000000 0.000000 3.000000
26.000000 0.000000 4.000000
26.000000 0.000000 5.000000
26.000000 0.000000 6.000000
26.000000 0.000000 7.000000
26.000000 0.000000 8.000000
26.000000 0.000000 9.000000
26.000000 0.000000 10.000000
26.000000 0.000000 11.000000
26.000000 0.000000 12.000000
26.000000 0.000000 13.000000
26.000000 0.000000 14.000000
26.000000 0.000000 15.000000
26.000000 0.000000 16.000000
26.000000 0.000000 17.000000
26.000000 0.000000 18.000000
26.000000 0.000000 19.000000
26.000000 0.000000 20.000000
26.000000 0.000000 21.000000
26.000000 0.000000 22.000000
26.000000 0.000000 23.000000
26.000000 0.000000 24.000000
26.000000 0.000000 25.000000
26.000000 0.000000 26.000000
26.000000 0.000000 27.000000
26.000000 0.000000 28.000000
26.000000 0.000000 29.000000
26.000000 0.000000 30.000000
26.000000 0.000000 31.000000
26.000000 -0.400000 32.000000
26.000000 -0.400000 33.000000
26.000000 -1.200000 34.000000
26.000000 -1.200000 35.000000
26.000000 -1.200000 36.000000
26.000000 -2.400000 37.000000
26.000000 -2.400000 38.000000
26.000000 -4.000000 39.000000
27.000000 0.000000 0.000000
27.000000 0.000000 1.000000
27.000000 0.000000 2.000000
27.000000 0.000000 3.000000
27.000000 0.000000 4.000000
27.000000 0.000000 5.000000
27.000000 0.000000 6.000000
27.000000 0.000000 7.000000
27.000000 0.000000 8.000000
27.000000 0.000000 9.000000
27.000000 0.000000 10.000000
27.000000 0.000000 11.000000
27.000000 0.000000 12.000000
27.000000 0.000000 13.000000
27.000000 0.000000 14.000000
27.000000 0.000000 15.000000
27.000000 0.000000 16.000000
27.000000 0.000000 17.000000
27.000000 0.000000 18.000000
27.000000 0.000000 19.000000
27.000000 0.000000 20.000000
27.000000 0.000000 21.000000
27.000000 0.000000 22.000000
27.000000 0.000000 23.000000
27.000000 0.000000 24.000000
27.000000 0.000000 25.000000
27.000000 0.000000 26.000000
27.000000 0.000000 27.000000
27.000000 0.000000 28.000000
27.000000 0.000000 29.000000
27.000000 0.000000 30.000000
27.000000 -0.400000 31.000000
27.000000 -0.400000 32.000000
27.000000 -0.400000 33.000000
27.000000 -1.200000 34.000000
27.000000 -1.200000 35.000000
27.000000 -2.400000 36.000000
27.000000 -2.400000 37.000000
27.000000 -4.000000 38.000000
27.000000 -4.000000 39.000000
28.000000 0.000000 0.000000
28.000000 0.000000 1.000000
28.000000 0.000000 2.000000
28.000000 0.000000 3.000000
28.000000 0.000000 4.000000
28.000000 0.000000 5.000000
28.000000 0.000000 6.000000
28.000000 0.000000 7.000000
28.000000 0.000000 8.000000
28.000000 0.000000 9.000000
28.000000 0.000000 10.000000
28.000000 0.000000 11.000000
28.000000 0.000000 12.000000
28.000000 0.000000 13.000000
28.000000 0.000000 14.000000
28.000000 0.000000 15.000000
28.000000 0.000000 16.000000
28.000000 0.000000 17.000000
28.000000 0.000000 18.000000
28.000000 0.000000 19.000000
28.000000 0.000000 20.000000
28.000000 0.000000 21.000000
28.000000 0.000000 22.000000
28.000000 0.000000 23.000000
28.000000 0.000000 24.000000
28.000000 0.000000 25.000000
28.000000 0.000000 26.000000
28.000000 0.000000 27.000000
28.000000 0.000000 28.000000
28.000000 0.000000 29.000000
28.000000 -0.400000 30.000000
28.000000 -0.400000 31.000000
28.000000 -0.400000 32.000000
28.000000 -1.200000 33.000000
28.000000 -1.200000 34.000000
28.000000 -2.400000 35.000000
28.000000 -2.400000 36.000000
28.000000 -2.400000 37.000000
28.000000 -4.000000 38.000000
28.000000 -4.000000 39.000000
29.000000 0.000000 0.000000
29.000000 0.000000 1.000000
29.000000 0.000000 2.000000
29.000000 0.000000 3.000000
29.000000 0.000000 4.000000
29.000000 0.000000 5.000000
29.000000 0.000000 6.000000
29.000000 0.000000 7.000000
29.000000 0.000000 8.000000
29.000000 0.000000 9.000000
29.000000 0.000000 10.000000
29.000000 0.000000 11.000000
29.000000 0.000000 12.000000
29.000000 0.000000 13.000000
29.000000 0.000000 14.000000
29.000000 0.000000 15.000000
29.000000 0.000000 16.000000
29.000000 0.000000 17.000000
29.000000 0.000000 18.000000
29.000000 0.000000 19.000000
29.000000 0.000000 20.000000
29.000000 0.000000 21.000000
29.000000 0.000000 22.000000
29.000000 0.000000 23.000000
29.000000 0.000000 24.000000
29.000000 0.000000 25.000000
29.000000 0.000000 26.000000
29.000000 0.000000 27.000000
29.000000 0.000000 28.000000
29.000000 -0.400000 29.000000
29.000000 -0.400000 30.000000
29.000000 -0.400000 31.000000
29.000000 -1.200000 32.000000
29.000000 -1.200000 33.000000
29.000000 -1.200000 34.000000
29.000000 -2.400000 35.000000
29.000000 -2.400000 36.000000
29.000000 -4.000000 37.000000
29.000000 -4.000000 38.000000
29.000000 -4.000000 39.000000
30.000000 0.000000 0.000000
30.000000 0.000000 1.000000
30.000000 0.000000 2.000000
30.000000 0.000000 3.000000
30.000000 0.000000 4.000000
30.000000 0.000000 5.000000
30.000000 0.000000 6.000000
30.000000 0.000000 7.000000
30.000000 0.000000 8.000000
30.000000 0.000000 9.000000
30.000000 0.000000 10.000000
30.000000 0.000000 11.000000
30.000000 0.000000 12.000000
30.000000 0.000000 13.000000
30.000000 0.000000 14.000000
30.000000 0.000000 15.000000
30.000000 0.000000 16.000000
30.000000 0.000000 17.000000
30.000000 0.000000 18.000000
30.000000 0.000000 19.000000
30.000000 0.000000 20.000000
30.000000 0.000000 21.000000
30.000000 0.000000 22.000000
30.000000 0.000000 23.000000
30.000000 0.000000 24.000000
30.000000 0.000000 25.000000
30.000000 0.000000 26.000000
30.000000 0.000000 27.000000
30.000000 -0.400000 28.000000
30.000000 -0.400000 29.000000
30.000000 -0.400000 30.000000
30.000000 -1.200000 31.000000
30.000000 -1.200000 32.000000
30.000000 -1.200000 33.000000
30.000000 -2.400000 34.000000
30.000000 -2.400000 35.000000
30.000000 -4.000000 36.000000
30.000000 -4.000000 37.000000
30.000000 -4.000000 38.000000
30.000000 -4.000000 39.000000
31.000000 0.000000 0.000000
31.000000 0.000000 1.000000
31.000000 0.000000 2.000000
31.000000 0.000000 3.000000
31.000000 0.000000 4.000000
31.000000 0.000000 5.000000
31.000000 0.000000 6.000000
31.000000 0.000000 7.000000
31.000000 0.000000 8.000000
31.000000 0.000000 9.000000
31.000000 0.000000 10.000000
31.000000 0.000000 11.000000
31.000000 0.000000 12.000000
31.000000 0.000000 13.000000
31.000000 0.000000 14.000000
31.000000 0.000000 15.000000
31.000000 0.000000 16.000000
31.000000 0.000000 17.000000
31.000000 0.000000 18.000000
31.000000 0.000000 19.000000
31.000000 0.000000 20.000000
31.000000 0.000000 21.000000
31.000000 0.000000 22.000000
31.000000 0.000000 23.000000
31.000000 0.000000 24.000000
31.000000 0.000000 25.000000
31.000000 0.000000 26.000000
31.000000 -0.400000 27.000000
31.000000 -0.400000 28.000000
31.000000 -0.400000 29.000000
31.000000 -1.200000 30.000000
31.000000 -1.200000 31.000000
31.000000 -1.200000 32.000000
31.000000 -2.400000 33.000000
31.000000 -2.400000 34.000000
31.000000 -2.400000 35.000000
31.000000 -4.000000 36.000000
31.000000 -4.000000 37.000000
31.000000 -4.000000 38.000000
31.000000 -4.000000 39.000000
32.000000 0.000000 0.000000
32.000000 0.000000 1.000000
32.000000 0.000000 2.000000
32.000000 0.000000 3.000000
32.000000 0.000000 4.000000
32.000000 0.000000 5.000000
32.000000 0.000000 6.000000
32.000000 0.000000 7.000000
32.000000 0.000000 8.000000
32.000000 0.000000 9.000000
32.000000 0.000000 10.000000
32.000000 0.000000 11.000000
32.000000 0.000000 12.000000
32.000000 0.000000 13.000000
32.000000 0.000000 14.000000
32.000000 0.000000 15.000000
32.000000 0.000000 16.000000
32.000000 0.000000 17.000000
32.000000 0.000000 18.000000
32.000000 0.000000 19.000000
32.000000 0.000000 20.000000
32.000000 0.000000 21.000000
32.000000 0.000000 22.000000
32.000000 0.000000 23.000000
32.000000 0.000000 24.000000
32.000000 0.000000 25.000000
32.000000 -0.400000 26.000000
32.000000 -0.400000 27.000000
32.000000 -0.400000 28.000000
32.000000 -1.200000 29.000000
32.000000 -1.200000 30.000000
32.000000 -1.200000 31.000000
32.000000 -2.400000 32.000000
32.000000 -2.400000 33.000000
32.000000 -2.400000 34.000000
32.000000 -4.000000 35.000000
32.000000 -4.000000 36.000000
32.000000 -4.000000 37.000000
32.000000 -4.000000 38.000000
32.000000 -4.000000 39.000000
33.000000 0.000000 0.000000
33.000000 0.000000 1.000000
33.000000 0.000000 2.000000
33.000000 0.000000 3.000000
33.000000 0.000000 4.000000
33.000000 0.000000 5.000000
33.000000 0.000000 6.000000
33.000000 0.000000 7.000000
33.000000 0.000000 8.000000
33.000000 0.000000 9.000000
33.000000 0.000000 10.000000
33.000000 0.000000 11.000000
33.000000 0.000000 12.000000
33.000000 0.000000 13.000000
33.000000 0.000000 14.000000
33.000000 0.000000 15.000000
33.000000 0.000000 16.000000
33.000000 0.000000 17.000000
33.000000 0.000000 18.000000
33.000000 0.000000 19.000000
33.000000 0.000000 20.000000
33.000000 0.000000 21.000000
33.000000 0.000000 22.000000
33.000000 0.000000 23.000000
33.000000 -0.400000 24.000000
33.000000 -0.400000 25.000000
33.000000 -0.400000 26.000000
33.000000 -0.400000 27.000000
33.000000 -1.200000 28.000000
33.000000 -1.200000 29.000000
33.000000 -1.200000 30.000000
33.000000 -2.400000 31.000000
33.000000 -2.400000 32.000000
33.000000 -2.400000 33.000000
33.000000 -4.000000 34.000000
33.000000 -4.000000 35.000000
33.000000 -4.000000 36.000000
33.000000 -4.000000 37.000000
33.000000 -4.000000 38.000000
33.000000 -4.000000 39.000000
34.000000 0.000000 0.000000
34.000000 0.000000 1.000000
34.000000 0.000000 2.000000
34.000000 0.000000 3.000000
34.000000 0.000000 4.000000
34.000000 0.000000 5.000000
34.000000 0.000000 6.000000
34.000000 0.000000 7.000000
34.000000 0.000000 8.000000
34.000000 0.000000 9.000000
34.000000 0.000000 10.000000
34.000000 0.000000 11.000000
34.000000 0.000000 12.000000
34.000000 0.000000 13.000000
34.000000 0.000000 14.000000
34.000000 0.000000 15.000000
34.000000 0.000000 16.000000
34.000000 0.000000 17.000000
34.000000 0.000000 18.000000
34.000000 0.000000 19.000000
34.000000 0.000000 20.000000
34.000000 0.000000 21.000000
34.000000 -0.400000 22.000000
34.000000 -0.400000 23.000000
34.000000 -0.400000 24.000000
34.000000 -0.400000 25.000000
34.000000 -1.200000 26.000000
34.000000 -1.200000 27.000000
34.000000 -1.200000 28.000000
34.000000 -1.200000 29.000000
34.000000 -2.400000 30.000000
34.000000 -2.400000 31.000000
34.000000 -2.400000 32.000000
34.000000 -4.000000 33.000000
34.000000 -4.000000 34.000000
34.000000 -4.000000 35.000000
34.000000 -4.000000 36.000000
34.000000 -4.000000 37.000000
34.000000 -4.000000 38.000000
34.000000 -4.000000 39.000000
35.000000 -0.400000 0.000000
35.000000 0.000000 1.000000
35.000000 0.000000 2.000000
35.000000 0.000000 3.000000
35.000000 0.000000 4.000000
35.000000 0.000000 5.000000
35.000000 0.000000 6.000000
35.000000 0.000000 7.000000
35.000000 0.000000 8.000000
35.000000 0.000000 9.000000
35.000000 0.000000 10.000000
35.000000 0.000000 11.000000
35.000000 0.000000 12.000000
35.000000 0.000000 13.000000
35.000000 0.000000 14.000000
35.000000 0.000000 15.000000
35.000000 0.000000 16.000000
35.000000 0.000000 17.000000
35.000000 0.000000 18.000000
35.000000 0.000000 19.000000
35.000000 -0.400000 20.000000
35.000000 -0.400000 21.000000
35.000000 -0.400000 22.000000
35.000000 -0.400000 23.000000
35.000000 -0.400000 24.000000
35.000000 -1.200000 25.000000
35.000000 -1.200000 26.000000
35.000000 -1.200000 27.000000
35.000000 -2.400000 28.000000
35.000000 -2.400000 29.000000
35.000000 -2.400000 30.000000
35.000000 -2.400000 31.000000
35.000000 -4.000000 32.000000
35.000000 -4.000000 33.000000
35.000000 -4.000000 34.000000
35.000000 -4.000000 35.000000
35.000000 -4.000000 36.000000
35.000000 -4.000000 37.000000
35.000000 -4.000000 38.000000
35.000000 -4.000000 39.000000
36.000000 -0.400000 0.000000
36.000000 -0.400000 1.000000
36.000000 -0.400000 2.000000
36.000000 -0.400000 3.000000
36.000000 -0.400000 4.000000
36.000000 0.000000 5.000000
36.000000 0.000000 6.000000
36.000000 0.000000 7.000000
36.000000 0.000000 8.000000
36.000000 0.000000 9.000000
36.000000 0.000000 10.000000
36.000000 0.000000 11.000000
36.000000 0.000000 12.000000
36.000000 0.000000 13.000000
36.000000 0.000000 14.000000
36.000000 0.000000 15.000000
36.000000 -0.400000 16.000000
36.000000 -0.400000 17.000000
36.000000 -0.400000 18.000000
36.000000 -0.400000 19.000000
36.000000 -0.400000 20.000000
36.000000 -0.400000 21.000000
36.000000 -0.400000 22.000000
36.000000 -1.200000 23.000000
36.000000 -1.200000 24.000000
36.000000 -1.200000 25.000000
36.000000 -1.200000 26.000000
36.000000 -2.400000 27.000000
36.000000 -2.400000 28.000000
36.000000 -2.400000 29.000000
36.000000 -4.000000 30.000000
36.000000 -4.000000 31.000000
36.000000 -4.000000 32.000000
36.000000 -4.000000 33.000000
36.000000 -4.000000 34.000000
36.000000 -4.000000 35.000000
36.000000 -4.000000 36.000000
36.000000 -4.000000 37.000000
36.000000 -4.000000 38.000000
36.000000 -4.000000 39.000000
37.000000 -1.200000 0.000000
37.000000 -0.400000 1.000000
37.000000 -0.400000 2.000000
37.000000 -0.400000 3.000000
37.000000 -0.400000 4.000000
37.000000 -0.400000 5.000000
37.000000 -0.400000 6.000000
37.000000 -0.400000 7.000000
37.000000 -0.400000 8.000000
37.000000 -0.400000 9.000000
37.000000 -0.400000 10.000000
37.000000 -0.400000 11.000000
37.000000 -0.400000 12.000000
37.000000 -0.400000 13.000000
37.000000 -0.400000 14.000000
37.000000 -0.400000 15.000000
37.000000 -0.400000 16.000000
37.000000 -0.400000 17.000000
37.000000 -0.400000 18.000000
37.000000 -0.400000 19.000000
37.000000 -1.200000 20.000000
37.000000 -1.200000 21.000000
37.000000 -1.200000 22.000000
37.000000 -1.200000 23.000000
37.000000 -1.200000 24.000000
37.000000 -2.400000 25.000000
37.000000 -2.400000 26.000000
37.000000 -2.400000 27.000000
37.000000 -2.400000 28.000000
37.000000 -4.000000 29.000000
37.000000 -4.000000 30.000000
37.000000 -4.000000 31.000000
37.000000 -4.000000 32.000000
37.000000 -4.000000 33.000000
37.000000 -4.000000 34.000000
37.000000 -4.000000 35.000000
37.000000 -4.000000 36.000000
37.000000 -4.000000 37.000000
37.000000 -4.000000 38.000000
37.000000 -4.000000 39.000000
38.000000 -1.200000 0.000000
38.000000 -1.200000 1.000000
38.000000 -1.200000 2.000000
38.000000 -1.200000 3.000000
38.000000 -0.400000 4.000000
38.000000 -0.400000 5.000000
38.000000 -0.400000 6.000000
38.000000 -0.400000 7.000000
38.000000 -0.400000 8.000000
38.000000 -0.400000 9.000000
38.000000 -0.400000 10.000000
38.000000 -0.400000 11.000000
38.000000 -0.400000 12.000000
38.000000 -0.400000 13.000000
38.000000 -0.400000 14.000000
38.000000 -0.400000 15.000000
38.000000 -0.400000 16.000000
38.000000 -1.200000 17.000000
38.000000 -1.200000 18.000000
38.000000 -1.200000 19.000000
38.000000 -1.200000 20.000000
38.000000 -1.200000 21.000000
38.000000 -1.200000 22.000000
38.000000 -2.400000 23.000000
38.000000 -2.400000 24.000000
38.000000 -2.400000 25.000000
38.000000 -2.400000 26.000000
38.000000 -4.000000 27.000000
38.000000 -4.000000 28.000000
38.000000 -4.000000 29.000000
38.000000 -4.000000 30.000000
38.000000 -4.000000 31.000000
38.000000 -4.000000 32.000000
38.000000 -4.000000 33.000000
38.000000 -4.000000 34.000000
38.000000 -4.000000 35.000000
38.000000 -4.000000 36.000000
38.000000 -4.000000 37.000000
38.000000 -4.000000 38.000000
38.000000 -4.000000 39.000000
39.000000 -2.400000 0.000000
39.000000 -1.200000 1.000000
39.000000 -1.200000 2.000000
39.000000 -1.200000 3.000000
39.000000 -1.200000 4.000000
39.000000 -1.200000 5.000000
39.000000 -1.200000 6.000000
39.000000 -1.200000 7.000000
39.000000 -1.200000 8.000000
39.000000 -1.200000 9.000000
39.000000 -1.200000 10.000000
39.000000 -1.200000 11.000000
39.000000 -1.200000 12.000000
39.000000 -1.200000 13.000000
39.000000 -1.200000 14.000000
39.000000 -1.200000 15.000000
39.000000 -1.200000 16.000000
39.000000 -1.200000 17.000000
39.000000 -1.200000 18.000000
39.000000 -1.200000 19.000000
39.000000 -2.400000 20.000000
39.000000 -2.400000 21.000000
39.000000 -2.400000 22.000000
39.000000 -2.400000 23.000000
39.000000 -2.400000 24.000000
39.000000 -2.400000 25.000000
39.000000 -4.000000 26.000000
39.000000 -4.000000 27.000000
39.000000 -4.000000 28.000000
39.000000 -4.000000 29.000000
39.000000 -4.000000 30.000000
39.000000 -4.000000 31.000000
39.000000 -4.000000 32.000000
39.000000 -4.000000 33.000000
39.000000 -4.000000 34.000000
39.000000 -4.000000 35.000000
39.000000 -4.000000 36.000000
39.000000 -4.000000 37.000000
39.000000 -4.000000 38.000000
39.000000 -4.000000 39.000000
